layer.asc
NCOLS 50 
NROWS 50 
XLLCORNER 0 
YLLCORNER 0 
CELLSIZE 0.025 
NODATA_value -9999 
[rows 0 to 19 of 50, columns 0 to 45 of 50]
33.525944470464097 33.4696947647572 32.9724991334216 33.0334880447601 32.8773363572014 33.6650510957943 34.7843106830133 35.2520869866241 34.0627442961286 35.408238577989 38.0197392750238 36.662395646611 35.7951228119779 35.5607578115435 33.9317047692115 33.2317659319135 33.5150496394091 32.7838619014912 32.9780494306839 32.7391126269296 32.9821063754048 290.978185883708 291.356545608912 291.140828304806 33.1495025515458 32.9632567133251 33.3319920457328 33.3913845912195 33.5743106042076 33.4878369873819 32.9647079064704 33.1370518364597 34.5662194190079 34.262698569365 34.3574250927725 35.7991274922949 34.3580160383393 33.683539973488 33.218989483795 32.9199153933898 32.8356638801746 98.1631659256878 98.3101143793242 97.7491687573449 97.62237116225 97.4155288515277
33.931564512289 35.1518273852057 33.0210516159335 33.5776982099568 33.6233878826492 33.2489003454293 35.751213083746 34.2025265449161 34.6552030956807 35.3636438454832 37.0855646190743 36.8842701142049 38.4393500779213 35.9257629106431 33.871182772304 98.2768708734814 97.7533882583899 97.6295799066028 97.7551693498042 32.9884000815263 32.9506955655539 291.557233464279 292.231881736675 291.78267488807 34.750578739791 97.7434166076843 33.5438052922388 34.0402732619751 33.7633190082864 33.0702127443758 33.2021564155851 33.4765710345112 34.0917092808521 34.7604041221527 37.4808172967098 35.7072515010957 34.4011036161505 33.5596713902403 33.1145417595026 32.6902936039179 97.4094173936279 97.5267435282846 98.3173158807274 97.6767497687458 97.7045295247754 33.1657541719533
33.5003530259001 33.6719086956949 34.1601489051632 34.5190254316059 35.4707381473731 36.7580555845763 35.5842565461253 36.4889135776618 34.5277906500723 35.022831541749 36.2967184978233 36.7400526772961 38.0451004154286 37.7698572925737 35.6414007193337 98.8873622662177 98.0883061818057 97.933407313899 98.4821241376873 34.066608084948 35.4909540634956 293.510737829468 293.409698131148 358.858092856295 101.650568914537 34.3176849640258 34.4340819945925 34.2146240594656 33.5226011779184 33.3988681019474 33.3556944966057 33.1605197876134 34.1192644175784 34.6920574715668 34.6770115348144 34.0592355619215 33.8526378138049 33.5282098021531 33.4856957603476 32.7541871214616 97.3904668584107 97.5245637886869 97.9949348870279 97.7520214655851 98.0844441809928 98.266359224367
34.5457000902756 34.6554542302856 34.8173981412045 36.8028626966585 36.1908323197454 39.3976068469083 36.0322320403956 36.8197541401633 36.0762352044881 36.7807397076505 37.486496588164 41.1904619298656 40.6260846588571 36.6863554242621 100.309591973559 99.1534007724963 98.3992253888784 98.3796094933822 3.0311932222568 98.3639815083959 99.1778884298586 358.014449416726 358.220497738573 359.346790234098 100.836919184356 34.747600018291 33.5439646160582 34.2856107475384 33.7402078118057 33.3165486518523 33.2605271708627 33.2242880200222 33.7633690110564 34.0705348114843 33.4240694234884 34.4015796288045 33.7145216063884 32.9923671929927 32.8593770257605 97.6816041051687 33.2809105597316 98.1561082824321 2.51811615113144 97.8689712146895 97.9716266531443 98.2799707681456
35.5028841504825 35.8339838291552 37.8117201451981 35.1960395160699 35.7979754290793 36.374727757577 40.6393343512332 100.132573628153 100.840822643067 101.596538019424 40.6302848304198 44.3762569118146 108.309047270063 104.53677287895 101.947068026527 102.909140080698 99.0082916339687 99.2760508316806 99.0414396700248 100.236264401501 99.9937933431885 358.744670907 358.567274546651 358.854095747554 100.123553452396 35.6671815860105 34.2874191644952 34.4543967711517 33.7875571852098 33.4253299784141 33.7124034377738 33.3006435095541 34.205403477061 33.5599892552147 33.6016752360774 33.5101555108602 33.7384341889694 33.1612153607484 97.6316815813061 97.9609643885689 97.9148700631718 1.96248994770469 98.2183354475342 98.7181370191394 2.20292814476314 2.77622627586426
35.4034248693831 34.8256315628657 36.7517995448421 36.8183391927104 36.0772501140806 35.4839542375192 36.6215047231337 36.7343604884226 99.7935759137018 100.115824115866 104.530317975932 42.3416612008311 45.8790488251576 104.269228738479 103.007390960274 102.755479821647 100.229673627658 101.511595509199 101.342148210235 100.929832686409 101.381100822419 360.000415349104 358.799680236437 358.293206990911 35.1797709752132 36.0624568803722 37.9206065278078 36.2292585958138 33.7777495317602 34.4790921174802 33.525834755465 33.8517814483429 34.3158042487749 34.5047480311705 33.3776621725072 33.4850792727111 34.6883346903235 34.0178704650976 97.9169047693783 98.2514234223919 97.8617701833338 98.3548188574687 98.7305713317944 98.5421588758969 98.7675556107498 3.93368939458417
35.5271616677014 37.0678333283639 36.7692004172753 39.1746607909228 35.4904346671832 36.1085037205364 38.1117909735731 37.6042625450198 100.903979852957 104.328347102383 40.802275748981 104.450167313304 105.875595869108 102.105164024018 102.824391318596 102.304375461463 104.242951781269 104.027777351275 102.871190546841 102.01060185841 103.496331249622 360.850468036626 297.640158965363 293.400159782999 34.7890026766423 34.8507034545045 36.241525190205 36.582254221216 34.9639021573698 37.0144469123569 34.4516751761186 35.5990321258588 34.4374504014102 34.4311239227849 33.9083838468715 33.5303406189411 34.0887977123555 33.9874851774604 98.6310832688948 98.7053284998493 98.2955796270822 99.0787522337691 99.1920121958833 100.003064580907 99.0575403060911 4.04240466547384
37.5844129763273 38.5422347048053 42.621320246004 38.8025632456537 37.8311671791709 36.4897115231018 36.3508534639933 102.648177567001 101.774612348767 41.3550460119883 45.9180704874723 104.888490339068 101.416063683405 101.159581855943 102.127119776686 8.30728864643002 108.955785871118 41.9433166208792 109.501479496755 109.790136790734 109.629743043278 296.018408685491 358.94314977851 358.489579346081 37.6602909300926 35.0219878613797 34.8788377233092 36.9442285531923 35.9469580539322 36.5359986457957 35.7861454550831 33.6680621069538 34.983690132723 34.7867889264398 35.155418241838 36.013398738288 35.1649987643909 99.3104721444601 98.7147793873687 99.5059940850344 99.3277121952868 34.4196157483901 35.6142683059704 100.11179729746 98.8082173708591 99.4285792700503
38.8402446569177 40.3860737680728 42.2823358434412 40.6900881082769 40.3689370924397 36.3354985603002 100.437863969419 100.227555501459 102.463011439254 40.4375146342189 103.1133172127 103.055927011263 102.101506575688 100.962879009756 6.1729004320818 101.134400357658 105.144946049887 43.8902499081132 47.1139500460795 41.0101638838269 116.267631766708 362.784421719156 365.435875434896 295.751848925667 35.298972811179 35.0260974553658 101.130991855775 40.3462826404327 38.4911702374732 38.6740034000798 36.9420838526054 36.7332999149969 36.5791171541924 36.1979206483571 35.1416260636495 36.26390007547 37.7280123203645 35.5638225649892 100.459597026278 99.9394784411875 100.548913124886 100.052371420995 36.2332586906984 99.5348440720162 33.7330500831358 97.7601790941382
40.3447934397448 43.0166570699601 47.0583660824443 40.3486411325619 39.749572386695 36.8004178626636 35.0308985700101 37.3823192629278 105.040941910732 105.269513807708 103.48439892693 100.976576965953 102.597673485468 102.929311834845 104.209708323071 104.538606632695 110.165649364121 51.6451366581886 58.0131528135763 46.6342293878187 113.252814838498 372.516775151625 369.400894958281 361.197226862948 102.398455398492 102.956751686955 103.996793241616 40.6339723521707 38.6584612036265 39.6629628112183 38.8790164584783 38.0655760694949 38.993061696489 38.4585267334859 35.7450159097817 35.9732355936639 37.6633311708957 36.6849204601187 102.023807271329 102.79689809766 100.145505738907 100.447798998128 99.3157865388562 34.2605243082868 98.3295816723884 98.1617943374239
40.6010773112113 45.6345274354372 44.4015446693902 104.669329835614 39.7961715657372 101.34744209299 102.83245313106 103.227830081378 9.50286046509546 7.92433335672744 11.0981316402109 7.67550742996451 104.794420749889 115.291557709459 109.6299347378 113.037901319679 126.611348910306 111.616872040361 121.259941110347 122.199382243063 116.756491519028 385.666875010211 371.817763280617 363.497911433711 47.4087025104538 109.674236138666 107.97178568507 45.2049098422086 44.5454386159901 42.7865080603318 43.5598954477441 41.8416167782262 43.6370863256106 37.6840406233887 35.3177803587963 37.7171527077202 37.8006221432826 37.5029052138213 103.693001736127 44.1114217268185 41.7432487215879 104.212364139722 35.814739620607 34.1580335588673 99.3639883504491 99.3131004834237
44.074382845533 44.4561413137149 40.1548058637176 102.345695569696 101.460146320625 103.373328858444 103.297843262876 110.133437826355 104.443755924193 10.3033169673009 109.969245319914 13.2445058684867 111.092972359715 107.818298856736 15.2950127558058 113.219086028781 119.539400751142 117.382382400495 113.352202185628 114.905226468315 119.714367645902 390.571871988137 380.455500144188 367.825360366175 113.771960412213 106.424483175953 118.888485344088 52.3274851058901 51.1291503292956 53.7719525536195 53.6340671628394 55.6787416387839 50.7853395882596 41.8946473706752 40.556833922439 38.9480145878321 37.2665783156236 39.164766885568 43.1791993052166 43.3646155637237 47.5324441415114 103.860132881215 104.088400893066 100.849259349249 99.2778512933598 99.0918083740581
41.8309832449479 43.5717967953416 42.049317572497 105.861851597848 105.56622307119 107.214112487334 44.3949389576778 112.055159170888 110.610126279544 109.116385905592 105.224522352871 108.651606214003 15.381051927549 109.545961099993 111.098287233789 112.067497235563 19.3796635118496 108.410061311719 108.640666295857 108.245869800805 111.079027452662 383.960923890866 388.865922844348 390.260921239684 30.40711139353 117.321351639504 57.2500019238165 129.157226570088 60.803747712209 54.7205898825538 65.1612483600939 66.9790815384688 62.9082987749634 46.3846482479015 41.8123418400703 45.9036757565139 51.2006758032484 42.0702750888467 44.4231053044036 111.056222640179 38.3442842594411 43.3264177065396 101.369793525096 103.056564126771 6.0527167244049 3.67691634463185
51.6874704074067 52.4446217698095 47.187210305508 107.303974240218 43.2845805578472 120.581600639438 48.5590172866444 47.4888755304034 114.182871404137 108.91397473865 109.271876540091 114.791274644422 24.3114268142785 125.774946730189 115.632701361319 21.1013359950393 16.6290285811558 11.8025514692552 105.649625683665 103.815066421585 17.2342670488863 285.573478797709 296.746329139804 389.320126314882 40.4622952221119 120.309173175721 116.486886565673 129.131062924719 66.9721713942479 82.4470652577129 64.6407154207857 77.9736041154667 88.497542829606 60.5414797575603 46.86622844472 59.6483354988714 53.7121851140646 42.646836577716 45.4547018866481 112.24819848257 41.035801451708 41.939000057429 102.206224188684 103.318454070355 4.22184899302017 4.00784946476761
64.4284554283108 117.345324907967 117.656370272468 121.390841723063 122.318563962755 56.6889700022322 52.5388879606173 126.080889189954 119.594960958816 58.2920519231218 116.771519535311 112.23347928954 126.935490681072 120.749605854653 113.545634145188 13.7417186316413 13.3174567683103 106.921420056266 104.412652127232 110.915731966399 130.808116051645 288.706349020155 291.056778227311 281.141955343589 17.489941029048 118.875646964616 127.99668724971 73.7139366992874 72.0102897375812 67.9828240695545 136.27558500954 76.6033410055579 72.7521233902907 60.6831794941586 53.7619740757892 59.6762594802321 48.7175993522948 50.5279295221086 49.9902824620434 117.333188767608 109.717977738555 103.929246295905 106.222611241503 105.394302540839 6.75401388412122 3.94417786563213
121.18175769821 56.2260280178573 52.9888262144359 122.991088868448 124.941286819594 53.7951872191078 123.171883822828 136.378770855281 71.6776930947534 55.9143944444957 113.720461329841 129.125552879778 130.383017389449 23.2174372955746 15.1926414114507 111.679680821269 108.898482358434 105.919269426006 106.589795518305 111.813954604309 113.519174295023 277.743616174551 275.656429006491 269.513872596118 116.523648798775 131.077900010127 130.030225166402 138.039692235864 142.895666715714 70.7301677609069 65.0316112582291 140.327635247558 73.216434677682 63.9053765144772 59.4342318104696 65.4603354168765 60.4486050769253 54.7616660306936 123.674867240781 119.005931806274 114.357324538392 42.3010712586919 107.237449063254 11.1141389204831 7.70910106028455 5.00952942455161
54.3748315770662 50.542015022214 54.6697826265371 47.6254625461874 116.915735863783 52.604484580313 57.8103702849099 55.3694624748662 61.6612853497374 121.168122479109 113.498017136739 121.279144735242 116.769506968292 15.5300125372984 13.72667617248 15.3847896049544 110.150910369838 107.88802581384 107.072448278125 110.490383274791 105.201553758209 271.648255739329 278.205788473172 275.727427987345 112.121241796758 117.373030519022 121.285103796528 136.1574770656 135.84543543761 141.898758476839 133.760888690798 145.36174919664 83.3315665888359 72.2973911889231 54.5581122155335 73.5072294092209 72.9741723206869 55.4978584488106 56.5610237102327 126.084603793555 113.073389964527 45.3587766032075 106.030158299438 112.28995741958 9.88998123898338 104.659320614951
61.5783671080737 65.3293790589053 57.4735530350597 59.8532629799953 131.972389049098 129.690017211859 124.026385462709 51.4521558539854 113.722882012725 120.419976922339 117.484066955338 117.98705933579 120.023797689888 109.83769162613 111.383756436268 16.8234323386488 8.95394539190662 11.5230064837882 10.117359716806 107.856765159347 15.1111872269409 372.298904893281 276.206403992701 273.023257556914 15.5213942650362 118.035218586932 127.229678382082 132.261250290828 134.776037536775 147.584686568481 154.980064484264 134.839448779776 67.3249533065372 57.7114923356509 64.3602293612729 69.4239927334773 63.4569508177362 72.4832418937737 49.8512285399037 113.546879963401 113.400990795836 44.8003244626286 114.331328112929 111.863028430468 108.967304245054 101.601713232734
79.8481849750663 79.0846053395296 51.5381707181289 124.40606610255 122.468204244038 115.379913310096 116.088360342489 53.5649211322825 117.209829428633 51.8914676459569 122.773075071101 115.378590503935 114.214304230423 18.7121617596123 106.282415335059 7.15482805622694 8.13089814215434 8.08660709200335 6.89495831689957 14.8903737769442 15.8190751828405 370.736625135982 374.63683559363 279.520555306522 114.367080830168 116.673535910785 119.306214688091 122.558081811814 139.363452153273 153.243667207116 137.156562152739 141.802201196288 128.055692952166 50.2610479454824 56.1781212118293 66.0232057924909 60.3086152027306 72.0161290082262 66.9241762313657 54.6041102663531 115.292265714153 51.2218058496589 115.73855285813 108.290546864146 103.89672294962 102.38481217236
82.04088431766 79.1039671232641 59.0167964117857 109.998764945918 113.930202139506 115.110756470228 118.210999431187 110.061999957287 53.9910396141586 54.7862714980552 126.61790477773 119.622147412046 24.3841428646737 12.5890996724241 8.75876212877611 6.74777015399381 8.06255656105073 11.7780703294547 109.569063813008 110.270433150504 119.860190486697 376.947175760787 373.182809889207 374.395664872743 118.941974433788 22.7338673346111 115.313344341887 112.733661305341 121.803745390472 129.019433475481 133.021512913321 130.780585246128 122.28972619402 125.752474812979 122.422226024685 120.733756386998 57.6000108247196 78.5484882983956 69.0769761479265 57.30716125408 55.6577505154616 46.074170878905 50.1512859907853 40.0229210657685 102.625531136055 102.300667438139
