layer.asc
NCOLS 50 
NROWS 50 
XLLCORNER 0 
YLLCORNER 0 
CELLSIZE 0.025 
NODATA_value -9999 
[rows 20 to 39 of 50, columns 0 to 45 of 50]
66.9274595541526 74.2895827225694 57.7196513657411 45.9828116840629 110.398076888556 110.274224409533 114.377536653248 112.170192541517 109.953762593404 119.196133347279 121.170776246992 114.667173520482 119.959708892072 105.474652527079 104.454657787761 11.8688316663416 7.292688268784 11.256243725093 110.842267179648 111.315379923185 119.009678606542 370.912247685489 367.048310174563 283.226728014326 119.775505635027 118.217380629662 118.313294253994 127.497639956425 130.767416488819 131.585264668551 76.4302698947293 133.398060961179 138.995473403017 126.808290354364 126.987412339511 127.340800429339 57.9033265735417 74.6439720981017 69.8373652665578 54.0320311617805 57.4323565982577 45.6550110242701 106.667948639769 105.697585437346 102.51887532477 105.230765028689
67.3213242419757 61.1052053629595 55.8464668525328 45.4581680669674 52.3904750999134 113.706766236361 115.165249042781 115.389389386901 120.317435269174 68.1815473750688 118.944998278528 115.706037716275 111.809393180687 110.322044834299 9.31095049873399 10.4011959018065 9.08496860669224 108.873291356113 114.930943563288 113.76265154591 111.226805296415 366.336302655341 270.050131646694 281.11556633849 34.4883272295979 126.163116685099 127.210441577045 126.19516755685 128.493683419149 126.722232047346 142.492507694671 145.560708537049 142.605195870345 43.9351200587193 127.574610744857 56.1326040805571 63.7676226555906 128.243697635549 65.8426936122557 62.9186780469015 55.7903157709795 42.6516616202968 107.047749276054 104.333492948515 103.970613959108 105.34232591505
323.248171453085 330.644906643204 374.160274576693 314.619643028855 305.481296209561 368.631343609057 369.741757308934 375.059992593825 378.624196087759 387.224966722107 383.116410683559 378.160121500023 368.537386043481 365.021217024577 363.959161503053 365.031007110309 365.256842220964 368.237510696155 371.32277832744 370.64611785224 370.536642982121 368.096062566962 274.344174375389 371.712939405619 284.397575033892 378.983092415412 380.2996197548 393.422744676823 340.989505698466 401.227123456055 393.760528557621 381.329758636588 293.052750905586 304.742988849722 392.474614998098 392.106148277815 328.219203387602 386.512867004209 386.189610246159 311.257356876098 374.847822451365 369.774760933099 361.878005516793 362.569192021196 358.78180869777 360.024140306974
62.1249512824232 124.830503132679 116.320538988639 114.172970380907 119.745036839552 121.872373558836 53.6287786500722 64.2586557447632 121.06725146531 126.758831492443 125.96823692459 108.74089301678 107.977095596659 107.849053765376 105.071025079143 105.441251495295 106.867080703765 107.04006827251 12.4772776776874 20.388107056737 21.5821226654485 370.48180179047 371.709020122646 370.539819108741 137.047152781259 36.7449518855688 143.904483516878 151.292924712592 79.7485319962988 150.491626742646 143.276883501428 139.354169417592 37.4212189319767 32.605223288396 40.3902287585935 143.724490393521 126.858664133735 131.474259388352 123.238564218726 131.936243146234 119.611735112989 113.363885905462 9.96855063479923 7.7825012467413 99.7529738655728 6.06265466616702
119.427803970635 56.9575506438424 118.373986831588 115.033068754391 120.574147073534 59.9999554119002 119.401844345901 122.146913329982 119.884481137412 120.204624235924 120.896762003481 118.440265695613 111.54909365106 109.219424708096 9.32406072345945 105.108628003371 108.894042632807 109.527412329899 114.863985960252 35.905733008894 123.382992442499 382.039604755767 392.532101965691 389.387868701251 139.035051532729 55.0378021008268 153.968970490947 156.070750721036 152.125185969188 147.260235387536 157.115096240522 37.4595451156555 30.629281289539 26.4281204721365 119.932481953741 36.0730070713265 124.467147351161 127.138553168712 132.609856777214 132.138128040982 109.651463384392 13.3465665255793 13.602831525168 8.22077750205523 6.50049737802573 4.61954870618483
115.491035031947 123.190584863425 115.521522877758 118.022017447867 125.585371847897 116.867840273338 114.969351836627 46.7906267233989 125.672201257615 124.619206839566 119.998780871901 121.231684118298 118.152562759666 117.671600910774 116.406483765385 115.887939307169 112.120291273255 48.2444481050482 133.372743932065 36.9253222883639 138.38544316618 404.066028273925 396.999487301851 387.688629014565 157.927506492394 64.8969526224344 151.901753830408 158.234931645153 47.3757027578335 47.9423979405657 58.7324546046956 45.9123727986291 24.7393534851205 23.3493430206911 34.669420840266 38.0516551814327 32.7418908976533 41.2786420161258 21.0082478614964 11.9153747020361 10.595321235758 13.3831051581628 7.09275356866517 4.95981041294553 6.17664069985992 7.33367164740179
126.717590186861 116.626033354054 113.057628552323 119.623002725492 19.2745411447357 112.465372521789 114.387736545795 52.2848425845984 62.921548560459 133.832984436105 139.860822442508 128.147150882336 131.697852507256 121.872596281329 113.03234710208 111.756412419663 112.815042458229 116.605200226009 121.689650220557 48.1553201683487 154.726158926423 417.842891241675 398.164915726474 393.628708777016 135.514606686021 35.5020980756685 148.786737598071 137.372511794393 133.385478881164 133.990508961877 126.865050345243 23.700491067246 22.6784705065247 35.384199401088 33.1520864433374 28.0225547440703 30.832012494715 29.7068791713116 26.7560913185349 11.2791770725243 19.1303093857103 12.1421710243141 8.05850039864159 6.41020550711112 6.14221934817509 5.57340760719153
39.1471452702347 18.8523003597283 15.8989592786478 23.3645805347626 114.702232070943 118.131720469495 112.441764208606 119.707097355022 62.1104084143273 76.301512159204 150.70395232512 138.680399253923 129.724945351227 113.614331511176 112.258067454282 108.94112855025 109.571378712918 112.81999786542 127.624042234489 138.815821833805 139.834389017728 411.13920164861 390.850538788233 391.111934659935 124.305869457654 126.214540194804 131.038889793265 123.087417211037 128.888900577138 115.949592823677 35.6759022843269 20.0708383332428 22.6550493810067 39.7406512094447 30.0770254663544 39.2388211629334 58.5509253454489 53.2866626002852 32.8420603356768 18.8861773234895 27.0283092166894 13.3598871468454 12.8779422334786 6.99887038066883 5.51602992211297 7.12709196051963
126.765938775382 21.183106431305 17.8632710306317 123.779639226685 113.837258060404 115.912995839202 120.89829496107 139.688966463573 130.942050291475 140.9538193271 151.256798241781 136.869649906637 120.383990322514 116.726441259894 110.519238718753 11.601659470993 110.862531734401 112.835808976155 115.208094207316 135.520012666735 144.37138264753 349.82116789263 405.095899148941 391.890952672547 132.074258016713 136.856277508018 64.2600352551701 123.150063332319 126.479203518351 116.718053830238 109.407875215672 116.974651318406 33.4896799376061 129.81524812039 25.6358135955703 40.2805983734209 44.1875049327684 63.2051202767526 27.2591097409744 22.9744039882973 25.0233593917292 12.6450748676564 8.86583236350311 6.85372811556034 9.16380855683096 5.96301640380139
116.52080559782 113.030277306976 113.971610136769 114.781972290935 115.806649542014 117.370196537982 28.3828250057383 119.804953946578 32.5619509466619 126.878421461009 124.1235385314 131.959879247353 127.780592076319 112.968796323266 115.861382670476 14.5761358045795 109.18226573735 114.7035832261 125.588254172625 137.042469921205 84.911929418596 329.039161007444 399.695374077462 387.730962700419 30.2019646102826 122.87640963314 121.687386613957 118.503362324929 109.666006877205 107.022486690282 113.942846560143 114.169027172341 117.110853959463 116.460215869993 16.1161514134512 28.655411282359 44.0420586107338 43.3563553367934 37.5258255147234 27.7146628023942 20.9341266027929 12.181147062338 11.2714542600799 8.17977706896822 11.4606053286992 9.85862419698886
117.006299486371 119.209394148782 119.548866733966 109.756035631847 113.648367073637 111.147268302246 112.617570699096 33.5313641113037 30.6724839654067 37.0047272988147 36.4421607948947 23.7179436767196 18.816437668338 20.6445044512315 36.9421472361732 25.8754713272203 17.2156222066613 111.071945131184 114.389143417039 129.606009037809 131.27762852657 395.202978188959 332.560946310854 389.25685105949 131.191279746666 32.8868652935768 121.613210846391 107.794392348103 109.240291329006 14.0805752946879 112.461232836393 111.568303992217 113.111441537427 110.002862542101 16.1627562350266 24.0770113199032 36.4878947004893 34.0001511414927 23.5713946807682 33.8199009371589 18.5196714545699 15.7723599536299 8.43951790357887 7.53229991716161 6.37012257946955 7.84802984186182
110.917161799993 117.480354072017 118.555960247262 113.303733065945 115.30630178135 105.798544463978 17.9984914034116 27.0191212130519 23.1735609750687 30.3406986557844 125.949179791988 29.3284802911947 26.1684835070914 35.5877407479214 47.8192018899713 119.983418639112 18.664109530465 18.2756741343673 117.083739618451 125.086286781666 124.418281232818 372.391177506705 383.914673469103 317.047003655638 126.85433271997 30.4932551286936 30.9169243149405 110.928100836781 111.092922094292 15.9704940269341 12.4303516583454 17.0860211179101 16.4670770399812 107.547159719575 14.3168303066819 16.3989310030211 28.9818278738563 27.502356047289 24.1830613330152 25.2871361638043 15.3247979707403 14.2380394840841 11.012639297339 8.02584687609886 5.75534121210809 8.72785980066699
109.717721289835 107.420789795108 107.334371312913 112.700516238694 109.07602061593 108.529613107617 111.417541956612 17.106941472066 34.5764867301809 130.484269501237 118.28707386859 21.8626752320163 23.1573515770051 28.6510768060679 27.1656260765213 21.1654333565493 16.3310658196851 122.701195996381 119.136426458178 126.510821244616 122.721248938642 377.724753428924 377.573991212164 386.819136145626 125.098965942716 20.9106386415089 20.9792075545015 118.438503607337 116.564530190849 113.008799726192 111.067445886048 19.5262985760274 113.421837212328 121.995863597359 111.064291990844 22.802151696374 22.50517069937 13.8398595158148 14.9961968824449 22.0346611341859 15.1328110150532 16.5070966286185 10.1788933580187 9.99512892908102 16.1898466263426 11.4007957026613
110.564929479428 115.741271592448 107.433176911522 112.729094127108 15.5153542326499 113.316274296267 111.888690084384 119.041882190045 129.640254164674 29.0895958053853 116.367562649476 29.2265441711246 22.8116771914377 30.3444119471747 23.2350098527831 19.655950916854 23.9579474389551 119.371536275721 126.789178920414 138.541839998308 117.419390322973 378.882127031174 375.221195512955 374.687525472844 129.09604763203 20.2992225679354 21.9476048424519 23.3710966048231 14.4826443084826 113.764731533366 18.7001092839197 13.6924276943411 113.871717312017 119.411252448087 113.519292836323 18.7455039110486 17.9883888414839 17.3983901132029 18.825591236795 11.0461990203735 9.74263553260328 11.7955338606013 13.0252021620108 12.8637765121906 13.61019102203 14.594994522628
42.4991903820396 117.219079291514 113.570386100686 105.179200352112 110.903613298233 107.610712754597 114.572197112544 121.078885438163 29.8001199997026 19.0045158530419 17.3711542304667 16.0981120996313 27.7198543053569 20.9380011358213 20.1110099003158 21.5752065806273 23.945960974907 131.735873805664 149.988888886791 139.195474203039 117.81539504714 375.856927769161 269.840909436509 368.300389159402 116.104396554279 25.3682695818142 15.450255489516 18.2117481944616 106.466701844447 12.7106400087008 14.0335734555011 14.3376001828437 20.8368763303831 116.985446615847 122.656525709156 26.7312274351518 19.8657151800991 16.7458384524086 9.00641523933634 14.0972234832479 7.78701871376005 12.997576535938 10.6437709048928 18.040655917442 27.0607621212287 14.7854352943021
43.1617642685321 107.90972776109 107.039128875004 103.346396904271 110.433748635099 112.384956516695 112.536997895652 120.390558802831 22.9181951577746 26.6900141798207 12.2964796780007 13.5284199088357 19.5337841170616 12.1672052146481 13.0083814825669 22.3996170130451 119.221641730354 123.334051052846 60.7460758060128 63.6246511216506 113.510941876134 369.535467620977 371.342250045856 370.728707167789 11.8519001153478 16.9851506693594 111.588275843581 10.3659552275802 15.9421264234233 106.50762312623 7.61310377662306 11.7182079935854 20.7085632961845 130.832330876216 130.649290262314 32.8580629595397 17.4337951231272 25.89515597751 15.8741536495129 23.1114480650994 17.3307082990665 16.2161510043207 15.412148418456 22.2660534540338 44.3265160222796 42.9896598703538
43.8412623638379 40.9888525031724 103.800002400231 103.383835110433 107.061217962896 110.817693540921 110.203377821857 15.0244033270086 19.9396833015882 18.9711441667149 20.588390313044 11.779374027313 14.9488214419921 9.05812046388448 10.5621332270504 14.9750262802935 109.013186102413 112.207934550713 116.203104092749 49.3122061592321 45.9511091362983 370.771725605484 373.797105078386 363.813920127034 107.670812367579 14.7436973854224 106.429855118176 108.6817759261 114.547178032544 11.7646551554203 9.91286315205355 11.4616574420545 114.094362763481 118.302922754652 40.4901025373198 29.7172766708658 14.8575354878485 111.743902126201 110.406425417319 123.311063421335 15.7688710702092 26.3060918000899 22.0602127438296 34.5055240045466 55.0419794937492 55.1960899603981
47.2107963231886 42.6196204967416 101.310578764744 104.534348394467 108.934700693242 108.726188986389 104.24237679014 14.7286734606486 9.4413674584955 8.10742769325304 9.86348258544863 8.07227406853786 10.5352427609798 7.9643238377081 9.59285705138191 12.0287118544005 110.872202718036 107.131295212935 120.456890230494 117.326189777131 113.236822346328 308.087658143019 364.622663250052 362.698920542835 103.716424530307 105.431911448541 105.842940906031 111.355976201134 112.56129182725 11.3453707156312 107.040763023446 112.463657887754 118.148921361548 109.708183620717 115.320212119884 16.104266931034 114.832790699894 111.686778049971 114.20121831139 22.1550891878061 130.082634573692 132.935750110178 31.9192414885575 55.0914309928084 47.0175565138407 62.8558864986192
45.8412605141755 45.9937192952762 42.3030503194232 39.0853670248944 38.1010738608412 106.73728607287 109.55304856554 110.045185575081 105.912070108124 9.79834703853762 11.8116946101887 7.73505489017688 6.15500906429138 6.81172791708103 105.909066220849 104.287014836141 106.26914976055 106.900569612401 109.663882095602 114.605251843824 110.566582170685 307.492608418755 301.795788831167 360.459442643309 103.902622050399 106.818230127401 105.343834021085 109.450001762901 111.388809532615 113.043350460938 112.611050360014 119.521992890097 121.204167953614 111.193696444603 119.698695215279 14.9942643162959 112.738244093087 13.5636429668054 23.0722025992476 24.9040372104431 141.625134437784 133.054321864039 144.14915701964 41.3956556105902 36.8249193580903 42.9232045341127
49.7887410579738 43.1977360510888 43.8910938211026 41.0086028213908 103.334252488387 106.26816478805 115.218642395757 112.700634766924 115.626760498514 10.3320701658962 10.0119908942253 12.5395380947125 9.82045717530423 100.872422326843 100.288110606609 101.55605881004 107.198401711405 109.949596419055 40.5487954277524 104.593721586241 106.412129760811 303.914517264136 295.873268395246 360.499320606298 104.658681660152 7.0598705288267 106.622484302849 104.355609869252 113.527201500485 111.152166803447 109.605700938841 111.54688020656 117.524887297798 117.999105372658 114.098046023566 26.3609250951471 117.317976787082 115.543703780077 24.6096513433738 118.511945726185 132.08967340365 132.240703218695 127.128688079617 37.9637471768806 42.334055794925 55.442895158126
